5.87643
3.20047
5.55935
-9.09333
5.55935
-10.2335
5.55935
3.32609
5.55935
3.32609
5.64747
3.32609
5.55935
3.62466
5.64747
3.08772
5.55935
3.62466
5.55935
3.08772
5.55935
3.08772
5.55935
3.08772
5.55935
3.08772
5.55935
3.62466
5.55935
3.62466
5.55935
3.62466
5.55935
3.62466
5.55935
3.62466
5.55935
3.62466
5.55935
3.62466
5.55935
3.62466
5.55935
3.62466
5.55935
3.62466
5.55935
3.62466
5.55935
3.71154
5.55935
3.71154
5.55935
3.71154
5.55935
3.71154
5.55935
3.71154
5.55935
3.62466
5.64747
3.71154
5.55935
3.71154
5.55935
3.71154
5.55935
3.71154
5.55935
3.62466
5.55935
3.71154
6.67479
3.29582
5.55935
3.62466
5.55935
3.71154
5.55935
3.71154
5.55935
3.3827
5.55935
3.62466
5.55935
3.62466
5.55935
3.71154
5.55935
3.71154
5.55935
3.71154
5.55935
3.62466
6.76291
3.62466
5.55935
3.62466
5.64747
3.62466
5.55935
3.62466
5.55935
3.08772
5.55935
3.62466
5.55935
3.71154
5.55935
3.62466
6.67479
3.71154
6.67479
3.62466
5.55935
3.08772
5.27878
3.71154
6.67479
3.62466
5.55935
3.71154
5.64747
3.62466
6.67479
3.62466
5.55935
3.08772
5.55935
3.62466
5.55935
3.71154
5.55935
3.62466
6.67479
2.78915
5.64747
3.71154
5.55935
3.62466
5.55935
3.62466
5.55935
3.71154
5.55935
3.62466
5.55935
3.71154
5.55935
3.71154
5.27878
3.71154
5.55935
3.62466
5.64747
3.62466
5.55935
3.71154
5.55935
3.71154
6.70775
3.71154
5.55935
3.71154
5.55935
3.71154
5.55935
3.62466
5.55935
3.62466
6.67479
3.32609
5.55935
3.62466
5.55935
3.08772
6.67479
3.62466
5.55935
3.62466
5.55935
3.62466
5.55935
3.71154
5.55935
3.62466
5.64747
3.71154
5.55935
3.71154
5.55935
3.71154
5.55935
3.62466
5.55935
3.71154
5.55935
3.71154
5.55935
3.71154
5.55935
3.62466
5.55935
3.62466
5.55935
3.71154
5.55935
3.71154
6.67479
3.62466
5.55935
3.62466
5.55935
3.71154
5.55935
3.08772
5.55935
3.62466
5.55935
3.71154
5.64747
3.08772
5.36289
3.71154
5.55935
3.62466
5.55935
3.71154
5.64747
3.71154
5.68342
3.71154
5.55935
3.71154
5.88183
3.62466
5.55935
3.71154
5.55935
3.71154
5.64747
3.62466
5.55935
3.71154
5.55935
3.71154
5.55935
3.71154
5.55935
3.71154
5.64747
3.62466
5.55935
3.71154
5.55935
3.62466
5.55935
3.62466
6.67479
3.71154
5.55935
3.71154
5.55935
3.62466
5.55935
3.71154
5.64747
3.62466
5.64747
3.62466
5.64747
3.71154
5.55935
3.62466
5.55935
3.62466
5.88183
3.62466
5.55935
3.71154
5.55935
3.71154
5.55935
3.62466
5.55935
3.62466
5.55935
3.71154
5.55935
3.62466
5.55935
3.71154
5.55935
3.71154
5.88183
3.62466
5.55935
3.62466
5.55935
3.71154
5.55935
3.71154
5.55935
3.71154
5.55935
3.71154
5.55935
3.62466
5.55935
3.71154
5.55935
3.71154
5.64747
3.71154
5.64747
3.62466
5.55935
3.41297
5.55935
3.71154
5.55935
3.71154
5.55935
3.62466
5.55935
3.3827
5.64747
3.62466
5.64747
3.62466
5.55935
3.71154
5.55935
3.62466
5.55935
3.62466
5.55935
3.71154
5.55935
3.62466
5.55935
3.62466
5.55935
3.62466
5.55935
3.71154
5.55935
3.71154
5.55935
3.71154
5.55935
3.71154
5.55935
3.62466
5.55935
3.71154
5.55935
3.62466
5.55935
3.41297
5.55935
3.71154
5.55935
3.62466
5.55935
3.71154
5.55935
3.71154
5.55935
3.71154
5.55935
3.71154
5.55935
3.71154
5.55935
3.71154
5.55935
3.71154
5.55935
3.71154
5.55935
3.62466
5.55935
3.71154
5.64747
3.08772
5.55935
3.71154
5.81141
3.62466
5.55935
3.71154
5.55935
3.62466
5.55935
3.62466
5.55935
3.71154
5.55935
3.71154
6.67479
3.71154
5.55935
3.62466
6.67479
3.71154
5.55935
3.71154
5.64747
3.71154
5.55935
3.71154
5.55935
3.08772
5.55935
3.08772
5.55935
3.62466
5.55935
3.71154
5.55935
3.71154
5.64747
3.41297
5.55935
3.71154
5.55935
3.62466
5.55935
3.62466
5.55935
3.62466
5.55935
3.71154
5.55935
3.71154
5.55935
3.08772
5.55935
3.71154
5.55935
3.71154
5.55935
3.08772
5.55935
3.62466
5.55935
3.71154
5.55935
3.71154
5.55935
3.71154
5.5923
3.08772
5.55935
3.08772
5.55935
3.62466
5.55935
3.08772
5.55935
3.62466
5.55935
3.71154
5.55935
3.71154
5.55935
3.62466
5.55935
3.62466
5.55935
3.62466
5.55935
3.71154
6.67479
3.62466
5.55935
3.71154
5.55935
3.71154
5.55935
3.62466
5.55935
3.62466
